2011409
2011410
2012171
2012176
2012522
2012729
2012730
2012738
2012758
2012811
2012826
2012900
2012901
2012902
2012903
2012956
2013016
2013023
2013124
2013172
2013480
2013481
2013482
2013483
2013493
2013494
2013495
2013496
2013516
2013743
2013823
2013843
2013845
2013847
2013848
2013849
2013850
2013851
2013852
2013853
2013854
2013855
2013856
2013857
2013858
2013859
2013860
2013861
2013862
2013863
2013970
2013971
2014139
2014169
2014277
2014285
2014478
2014480
2014482
2014484
2014486
2014488
2014490
2014492
2014494
2014496
2014498
2014500
2014502
2014504
2014506
2014508
2014510
2014572
2014573
2014779
2014781
2014782
2014783
2014784
2014786
2014868
2014939
2014941
2015460
2015550
2015576
2015597
2015598
2015599
2015601
2015602
2015618
2015633
2015875
2016135
2016586
2016600
2016601
2016602
2016603
2016604
2016605
2016606
2016607
2016608
2016609
2016610
2016611
2016612
2016613
2016614
2016615
2016616
2016617
2016618
2016619
2016620
2016621
2016622
2016623
2016624
2016625
2016626
2016627
2016628
2016629
2016630
2016631
2016632
2016633
2016634
2016635
2016711
2016778
2017645
2017925
2017926
2018008
2018114
2018265
2018266
2018267
2018268
2018269
2018270
2018271
2018272
2018273
2018274
2018366
2018609
2018679
2018766
2018810
2018812
2018814
2018816
2018818
2018820
2018822
2018824
2018826
2018828
2018830
2018832
2018834
2018836
2018838
2018840
2018842
2018844
2018846
2018874
2018875
2018876
2018893
2018918
2018948
2019123
2019396
2019519
2019564
2019565
2019566
2019567
2019568
2019569
2019570
2019571
2019572
2019573
2019574
2019575
2019576
2019577
2019578
2019579
2019580
2019581
2019582
2019586
2019640
2019667
2019694
2019695
2019718
2019736
2019788
2019790
2019851
2019852
2019853
2019854
2019855
2019856
2019857
2019858
2019859
2019860
2019861
2019862
2019863
2019864
2019865
2019866
2019867
2019868
2019869
2019870
2019871
2019909
2019910
2019911
2019912
2019913
2019934
2019979
2019981
2019982
2019983
2019984
2019988
2020035
2020036
2020037
2020038
2020039
2020040
2020041
2020044
2020045
2020046
2020047
2020048
2020049
2020050
2020051
2020052
2020053
2020054
2020055
2020056
2020057
2020058
2020059
2020060
2020061
2020062
2020063
2020065
2020066
2020107
2020108
2020109
2020110
2020111
2020112
2020113
2020114
2020115
2020116
2020117
2020118
2020119
2020120
2020121
2020122
2020123
2020124
2020125
2020126
2020127
2020128
2020129
2020130
2020131
2020132
2020133
2020134
2020135
2020136
2020137
2020138
2020139
2020140
2020141
2020142
2020143
2020144
2020145
2020146
2020147
2020168
2020171
2020182
2020183
2020184
2020185
2020186
2020189
2020190
2020191
2020192
2020193
2020194
2020206
2020210
2020211
2020213
2020226
2020228
2020229
2020230
2020231
2020232
2020244
2020245
2020246
2020247
2020248
2020249
2020250
2020251
2020252
2020253
2020254
2020255
2020256
2020257
2020258
2020259
2020260
2020261
2020262
2020263
2020264
2020265
2020266
2020267
2020268
2020269
2020270
2020271
2020272
2020273
2020274
2020275
2020276
2020277
2020278
2020279
2020280
2020281
2020282
2020284
2020285
2020286
2020287
2020292
2020357
2020358
2020359
2020360
2020361
2020374
2020375
2020376
2020377
2020390
2020391
2020395
2020400
2020401
2020402
2020404
2020405
2020406
2020417
2020430
2020444
2020445
2020446
2020447
2020448
2020449
2020450
2020451
2020452
2020453
2020454
2020458
2020459
2020461
2020462
2020464
2020465
2020466
2020467
2020468
2020469
2020472
2020565
2020574
2020577
2020581
2020615
2020616
2020617
2020618
2020619
2020620
2020639
2020640
2020641
2020642
2020670
2020684
2020685
2020686
2020703
2020704
2020713
2020727
2020739
2020740
2020759
2020760
2020761
2020762
2020814
2020815
2020816
2020817
2020818
2020819
2020820
2020839
2020844
2020869
2020882
2020915
2020942
2020952
2020953
2020958
2020959
2021019
2021041
2021077
2021084
2021115
2021163
2021164
2021165
2021190
2021191
2021204
2021252
2021302
2021303
2021317
2021318
2021319
2021325
2021326
2021327
2021328
2021329
2021330
2021331
2021332
2021333
2021363
2021409
2021410
2021412
2021416
2021443
2021444
2021534
2021545
2021547
2021549
2021551
2021561
2021576
2021577
2021578
2021579
2021580
2021581
2021582
2021583
2021642
2021691
2021711
2021712
2021714
2021715
2021792
2021793
2021794
2021795
2021806
2021807
2021808
2021831
2021849
2021850
2021927
2021935
2021936
2021960
2021961
2021962
2022041
2022042
2022043
2022044
2022045
2022046
2022048
2022121
2022122
2022136
2022145
2022148
2022149
2022150
2022151
2022152
2022153
2022154
2022155
2022156
2022157
2022158
2022159
2022160
2022161
2022162
2022163
2022164
2022165
2022166
2022167
2022168
2022169
2022170
2022171
2022172
2022173
2022174
2022175
2022176
2022177
2022178
2022179
2022180
2022181
2022182
2022183
2022184
2022191
2022236
2022237
2022238
2022272
2022273
2022314
2022315
2022316
2022332
2022346
2022347
2022355
2022356
2022381
2022382
2022383
2022384
2022398
2022399
2022400
2022411
2022412
2022413
2022414
2022415
2022416
2022417
2022418
2022419
2022420
2022421
2022422
2022423
2022424
2022425
2022426
2022427
2022428
2022429
2022430
2022431
2022432
2022433
2022434
2022435
2022436
2022437
2022438
2022439
2022440
2022441
2022442
2022443
2022444
2022445
2022446
2022447
2022448
2022449
2022450
2022451
2022452
2022453
2022455
2022456
2022457
2022458
2022459
2022460
2022461
2022473
2022490
2022501
2022507
2022517
2022548
2022555
2022556
2022557
2022558
2022559
2022560
2022561
2022562
2022563
2022569
2022575
2022576
2022589
2022590
2022591
2022592
2022593
2022598
2022599
2022600
2022601
2022610
2022611
2022612
2022614
2022625
2022626
2022631
2022632
2022633
2022634
2022641
2022642
2022643
2022644
2022645
2022646
2022647
2022648
2022660
2022661
2022662
2022663
2022664
2022675
2022680
2022690
2022691
2022696
2022702
2022704
2022705
2022706
2022711
2022715
2022720
2022721
2022726
2022727
2022728
2022731
2022739
2022740
2022741
2022742
2022743
2022744
2022745
2022746
2022747
2022748
2022753
2022755
2022761
2022762
2022763
2022764
2022765
2022766
2022767
2022768
2022777
2022778
2022798
2022800
2022801
2022806
2022817
2022831
2022832
2022835
2022842
2022843
2022870
2022876
2022917
2022918
2022947
2022950
2022951
2022975
2022999
2023000
2023001
2023002
2023003
2023004
2023020
2023021
2023022
2023023
2023024
2023025
2023026
2023027
2023059
2023060
2023084
2023093
2023094
2023095
2023096
2023097
2023098
2023099
2023100
2023101
2023102
2023103
2023104
2023105
2023106
2023107
2023108
2023109
2023110
2023111
2023112
2023113
2023114
2023115
2023116
2023117
2023118
2023119
2023120
2023121
2023122
2023123
2023124
2023125
2023126
2023127
2023128
2023129
2023130
2023142
2023154
2023178
2023179
2023227
2023228
2023229
2023230
2023237
2023247
2023256
2023257
2023258
2023259
2023260
2023261
2023297
2023298
2023299
2023300
2023301
2023310
2023327
2023328
2023329
2023330
2023331
2023332
2023344
2023354
2023355
2023356
2023357
2023358
2023359
2023360
2023361
2023362
2023363
2023364
2023365
2023366
2023367
2023368
2023369
2023370
2023371
2023372
2023373
2023374
2023375
2023376
2023377
2023378
2023379
2023380
2023381
2023382
2023383
2023384
2023385
2023386
2023387
2023388
2023389
2023390
2023391
2023392
2023393
2023394
2023395
2023396
2023398
2023407
2023408
2023409
2023410
2023411
2023412
2023413
2023414
2023415
2023416
2023417
2023418
2023419
2023420
2023421
2023422
2023425
2023426
2023427
2023428
2023472
2023503
2023504
2023515
2023516
2023517
2023518
2023519
2023523
2023524
2023525
2023526
2023573
2023578
2023579
2023580
2023581
2023582
2023584
2023585
2023589
2023597
2023599
2023600
2023601
2023602
2023603
2023604
2023605
2023606
2023607
2023608
2023609
2023610
2023630
2023631
2023632
2023633
2023634
2023635
2023636
2023637
2023641
2023642
2023643
2023644
2023645
2023646
2023647
2023648
2023649
2023650
2023651
2023655
2023658
2023659
2023660
2023661
2023662
2023663
2023664
2023665
2023666
2023667
2023690
2023705
2023706
2023709
2023710
2023728
2023729
2023730
2023731
2023732
2023733
2023734
2023735
2023736
2023737
2023761
2023762
2023763
2023777
2023778
2023779
2023780
2023781
2023782
2023783
2023784
2023785
2023786
2023787
2023788
2023789
2023790
2023791
2023792
2023793
2023794
2023795
2023796
2023797
2023798
2023799
2023800
2023801
2023802
2023803
2023804
2023805
2023806
2023807
2023808
2023809
2023810
2023833
2023834
2023835
2023836
2023837
2023838
2023839
2023840
2023841
2023842
2023843
2023844
2023845
2023846
2023847
2023848
2023849
2023850
2023851
2023852
2023853
2023854
2023855
2023856
2023857
2023858
2023859
2023860
2023861
2023862
2023863
2023864
2023865
2023866
2023867
2023877
2023883
2023884
2023885
2023886
2023887
2023893
2023894
2023895
2023898
2023899
2023932
2023935
2023936
2023937
2023938
2023939
2023953
2023954
2023955
2023956
2023957
2023958
2023959
2023960
2023961
2023962
2023968
2023969
2023970
2023971
2023972
2023973
2023974
2023975
2023976
2023977
2023978
2023979
2023980
2023981
2023982
2023983
2023984
2023985
2023986
2023987
2023988
2023989
2023990
2023991
2023992
2023993
2023994
2023998
2024005
2024104
2024105
2024106
2024108
2024110
2024111
2024112
2024113
2024114
2024115
2024116
2024117
2024118
2024119
2024143
2024144
2024145
2024146
2024147
2024148
2024149
2024150
2024151
2024152
2024153
2024154
2024155
2024156
2024157
2024158
2024159
2024160
2024161
2024162
2024163
2024164
2024165
2024166
2024189
2024190
2024205
2024235
2024244
2024245
2024263
2024264
2024271
2024284
2024286
2024289
2024291
2024293
2024294
2024295
2024296
2024323
2024324
2024330
2024331
2024332
2024333
2024334
2024339
2024341
2024349
2024405
2024406
2024407
2024408
2024409
2024410
2024437
2024438
2024439
2024440
2024456
2024457
2024458
2024459
2024460
2024464
2024467
2024469
2024472
2024473
2024474
2024475
2024476
2024477
2024478
2024479
2024487
2024488
2024491
2024492
2024495
2024496
2024497
2024506
2024509
2024516
2024517
2024518
2024519
2024520
2024521
2024522
2024523
2024524
2024525
2024527
2024529
2024530
2024543
2024588
2024589
2024590
2024591
2024592
2024593
2024594
2024595
2024596
2024597
2024598
2024603
2024615
2024619
2024620
2024626
2024627
2024628
2024629
2024630
2024631
2024632
2024633
2024634
2024635
2024636
2024641
2024642
2024658
2024662
2024665
2024680
2024708
2024709
2024710
2024711
2024712
2024713
2024714
2024715
2024716
2024717
2024718
2024722
2024723
2024724
2024725
2024728
2024730
2024731
2024732
2024733
2024734
2024735
2024736
2024737
2024738
2024739
2024740
2024741
2024742
2024743
2024744
2024745
2024746
2024747
2024748
2024749
2024750
2024779
2024789
2024803
2024804
2024805
2024806
2024816
2024817
2024818
2024819
2024820
2024821
2024822
2024823
2024824
2024825
2024826
2024827
2024828
2024830
2024831
2024852
2024854
2024856
2024858
2024860
2024862
2024865
2024867
2024869
2024870
2024871
2024872
2024873
2024874
2024888
2024890
2024892
2024910
2024921
2024922
2024923
2024933
2024934
2024935
2024936
2024937
2024938
2024939
2024940
2024943
2024944
2024946
2024956
2024957
2024958
2024959
2024960
2024961
2024962
2024963
2024964
2024965
2024986
2024987
2024988
2024989
2025014
2025015
2025016
2025017
2025073
2025078
2025079
2025081
2025095
2025096
2025098
2025104
2025105
2025106
2025107
2025133
2025141
2025143
2025144
2025146
2025154
2025177
2025179
2025183
2025200
2025216
2025217
2025218
2025219
2025228
2025256
2025273
2025304
2025332
2025382
2025383
2025384
2025385
2025386
2025389
2025390
2025404
2025405
2025406
2025407
2025434
2025446
2025449
2025451
2025452
2025453
2025454
2025462
2025463
2025466
2025467
2025468
2025496
2025507
2025508
2025509
2025510
2025511
2025512
2025531
2025542
2025543
2025544
2025546
2025559
2025560
2025567
2025596
2025599
2025601
2025603
2025605
2025639
2025640
2025641
2025642
2025643
2025727
2025728
2025729
2025730
2025731
2025896
2025897
2025898
2025899
2025900
2025901
2025902
2025903
2025904
2025905
2025906
2025924
2025925
2025926
2025927
2025928
2025933
2025934
2025935
2025936
2025937
2025938
2025939
2025940
2025941
2025942
2025943
2025944
2025945
2025946
2025947
2025948
2025949
2025950
2025951
2025952
2025953
2025954
2025955
2025956
2025957
2025958
2025959
2025960
2025961
2025962
2025963
2025964
2025965
2025966
2025967
2025968
2025969
2025970
2025971
2025997
2025999
2026021
2026022
2026072
2026079
2026080
2026097
2026098
2026115
2026117
2026119
2026121
2026123
2026125
2026127
2026129
2026131
2026133
2026135
2026137
2026139
2026141
2026143
2026145
2026147
2026149
2026151
2026153
2026155
2026157
2026159
2026161
2026163
2026165
2026167
2026169
2026171
2026173
2026175
2026177
2026179
2026181
2026183
2026185
2026187
2026189
2026191
2026193
2026195
2026197
2026199
2026201
2026203
2026205
2026207
2026209
2026211
2026213
2026217
2026219
2026221
2026223
2026226
2026227
2026229
2026231
2026233
2026235
2026237
2026239
2026241
2026243
2026245
2026247
2026249
2026251
2026253
2026255
2026257
2026259
2026261
2026263
2026265
2026267
2026269
2026271
2026273
2026275
2026277
2026279
2026281
2026283
2026285
2026287
2026289
2026291
2026293
2026295
2026297
2026299
2026301
2026303
2026305
2026307
2026309
2026311
2026313
2026315
2026317
2026319
2026321
2026323
2026324
2026325
2026326
2026327
2026328
2026329
2026330
2026334
2026335
2026339
2026341
2026343
2026345
2026347
2026349
2026351
2026353
2026355
2026357
2026359
2026365
2026367
2026369
2026371
2026373
2026375
2026377
2026379
2026381
2026383
2026385
2026387
2026389
2026391
2026393
2026395
2026397
2026399
2026401
2026403
2026405
2026407
2026409
2026432
2026442
2026444
2026446
2026448
2026450
2026452
2026454
2026456
2026458
2026469
2026470
2026476
2026478
2026480
2026482
2026484
2026486
2026566
2026573
2026574
2026611
2026612
2026617
2026620
2026621
2026622
2026623
2026624
2026625
2026626
2026628
2026631
2026632
2026633
2026634
2026640
2026645
2026646
2026647
2026648
2026657
2026685
2026686
2026689
2026690
2026691
2026692
2026693
2026694
2026695
2026696
2026697
2026698
2026699
2026700
2026701
2026702
2026704
2026705
2026706
2026707
2026708
2026709
2026710
2026711
2026712
2026713
2026714
2026715
2026716
2026737
2026742
2026744
2026745
2026763
2026775
2026776
2026777
2026778
2026809
2026810
2026816
2026818
2026828
2026829
2026830
2026831
2026832
2026833
2026834
2026835
2026836
2026837
2026838
2026839
2026840
2026841
2026842
2026843
2026844
2026845
2026846
2026847
2026855
2026856
2026857
2026858
2026867
2026888
2026915
2026952
2026953
2026954
2026955
2026956
2026957
2026958
2026959
2026960
2026961
2026962
2026963
2026964
2026965
2026966
2026967
2026968
2026969
2026970
2026971
2026972
2026973
2026974
2026975
2026976
2026977
2026978
2026979
2026980
2026983
2026984
2027026
2027054
2027055
2027056
2027059
2027080
2027088
2027109
2027110
2027111
2027158
2027159
2027160
2027161
2027162
2027163
2027164
2027165
2027166
2027199
2027208
2027209
2027217
2027218
2027220
2027224
2027225
2027226
2027227
2027228
2027229
2027230
2027231
2027280
2027281
2027282
2027285
2027287
2027290
2027291
2027292
2027295
2027296
2027299
2027304
2027305
2027306
2027307
2027308
2027309
2027314
2027317
2027321
2027343
2027351
2027352
2027356
2027362
2027363
2027367
2027373
2027379
2027385
2027386
2027387
2027399
2027400
2027401
2027406
2027407
2027408
2027409
2027410
2027411
2027415
2027465
2027466
2027467
2027468
2027469
2027481
2027482
2027483
2027490
2027491
2027492
2027493
2027494
2027495
2027496
2027498
2027499
2027502
2027564
2027567
2027568
2027569
2027570
2027571
2027572
2027573
2027574
2027575
2027576
2027577
2027578
2027579
2027580
2027581
2027582
2027583
2027584
2027585
2027586
2027587
2027588
2027589
2027590
2027591
2027592
2027593
2027594
2027595
2027596
2027597
2027598
2027599
2027600
2027601
2027602
2027603
2027604
2027605
2027606
2027607
2027608
2027609
2027610
2027611
2027612
2027613
2027614
2027615
2027616
2027617
2027618
2027622
2027623
2027624
2027625
2027626
2027627
2027628
2027629
2027630
2027631
2027632
2027633
2027634
2027635
2027636
2027637
2027638
2027639
2027640
2027641
2027642
2027643
2027644
2027645
2027646
2027647
2027651
2027652
2027653
2027654
2027655
2027678
2027689
2027690
2027691
2027692
2027693
2027722
2027724
2027725
2027726
2027727
2027733
2027741
2027742
2027743
2027744
2027745
2027746
2027747
2027748
2027749
2027750
2027754
2027756
2027757
2027758
2027772
2027773
2027774
2027775
2027776
2027777
2027778
2027779
2027780
2027781
2027782
2027783
2027784
2027785
2027804
2027805
2027806
2027819
2027820
2027821
2027822
2027823
2027824
2027825
2027826
2027827
2027849
2027850
2027851
2027852
2027853
2027854
2027855
2027856
2027857
2027863
2027864
2027865
2027866
2027867
2027868
2027869
2027870
2027871
2027922
2027923
2027924
2027925
2027926
2027927
2027928
2027929
2027930
2027936
2027937
2027938
2027941
2027942
2027943
2027947
2027948
2027949
2027950
2027951
2027952
2027953
2027954
2028586
2028587
2028592
2028593
2028594
2028595
2028605
2028606
2028607
2028608
2028609
2028610
2028611
2028614
2028615
2028616
2028625
2028627
2028628
2028630
2028632
2028634
2028635
2028637
2028638
2028639
2028640
2028641
2028649
2028660
2028675
2028676
2028677
2028678
2028679
2028680
2028681
2028684
2028685
2028686
2028687
2028688
2028689
2028690
2028691
2028692
2028693
2028694
2028695
2028696
2028697
2028698
2028699
2028701
2028702
2028703
2028704
2028705
2028706
2028707
2028708
2028709
2028710
2028711
2028712
2028713
2028714
2028715
2028716
2028717
2028718
2028719
2028720
2028721
2028722
2028723
2028724
2028725
2028726
2028727
2028728
2028729
2028730
2028731
2028732
2028733
2028734
2028735
2028736
2028737
2028738
2028739
2028740
2028741
2028742
2028743
2028744
2028745
2028746
2028747
2028748
2028749
2028750
2028751
2028752
2028753
2028754
2028755
2028756
2028817
2028818
2028819
2028820
2028821
2028822
2028838
2028839
2028840
2028841
2028843
2028844
2028845
2028846
2028847
2028848
2028849
2028850
2028851
2028852
2028853
2028854
2028855
2028856
2028857
2028858
2028859
2028860
2028861
2028862
2028870
2028871
2028872
2028873
2028874
2028875
2028880
2028881
2028882
2028899
2028900
2028901
2028902
2028903
2028904
2028909
2028910
2028917
2028921
2028922
2028924
2028925
2028927
2028948
2028949
2028950
2028951
2028952
2028953
2028954
2028961
2028962
2028969
2029056
2029057
2029058
2029074
2029100
2029107
2029114
2029115
2029151
2029198
2029203
2029224
2029227
2029230
2029239
2029246
2029247
2029248
2029249
2029250
2029251
2029252
2029254
2029258
2029268
2029289
2029297
2029300
2029303
2029308
2029309
2029310
2029326
2029327
2029328
2029346
2029347
2029348
2029412
2029413
2029414
2029415
2029416
2029417
2029418
2029419
2029426
2029427
2029428
2029429
2029430
2029448
2029454
2029492
2029493
2029509
2029523
2029534
2029535
2029536
2029559
2029560
2029566
2029580
2029581
2029587
2029597
2029626
2029627
2029628
2029629
2029630
2029631
2029638
2029709
2029710
2029715
2029716
2029717
2029718
2029719
2029720
2029721
2029722
2029723
2029766
2029767
2029826
2029829
2029830
2029831
2029832
2029833
2029834
2029835
2029836
2029898
2029954
2029955
2029956
2029957
2029958
2029959
2029960
2029961
2029962
2029963
2029964
2029965
2029966
2029967
2029968
2029969
2029970
2029971
2029972
2029973
2029974
2029991
2029992
2029998
2029999
2030000
2030001
2030014
2030023
2030024
2030025
2030026
2030031
2030033
2030038
2030041
2030042
2030043
2030044
2030045
2030089
2030090
2030091
2030096
2030097
2030099
2030100
2030112
2030118
2030127
2030133
2030134
2030135
2030136
2030138
2030155
2030161
2030162
2030177
2030178
2030195
2030196
2030197
2030200
2030215
2030251
2030267
2030268
2030269
2030270
2030331
2030332
2030333
2030378
2030379
2030380
2030395
2030440
2030441
2030442
2030443
2030444
2030480
2030481
2030482
2030547
2802860
2803777
2803778
2804174
2804175
2804177
2804178
2804179
2804180
2804181
2804198
2804199
2804200
2804201
2804202
2804203
2804204
2804205
2804206
2804207
2804336
2804338
2804340
2804342
2804344
2804346
2804348
2804350
2804352
2804354
2804356
2804358
2804360
2804362
2804364
2804366
2804368
2804370
2804372
2804374
2804376
2804378
2804380
2804382
2804384
2804633
2804809
2804855
2806266
2807561
2807796
2808735
2808809
2808861
2808900
2809214
2809237
2809318
2809348
2809383
2809384
2809385
2809401
2809402
2809403
2809404
2809412
2809413
2809414
2809415
2809416
2809417
2809418
2809419
2809420
2809421
2809422
2809423
2809442
2809477
2809482
2809483
2809575
2809577
2809578
2809606
2809607
2809608
2809612
2809613
2809616
2809617
2809631
2809639
2809640
2809641
2809651
2809692
2809693
2809694
2809695
2809696
2809699
2809706
2809708
2809710
2809775
2809803
2809807
2809808
2809821
2809827
2809850
2809851
2809870
2809871
2809872
2809875
2809879
2809881
2809884
2809887
2809889
2809893
2809911
2809914
2809939
2809940
2809942
2809945
2809955
2809965
2809966
2809967
2809968
2809969
2809970
2809971
2809972
2809975
2809976
2809979
2809987
2809988
2809989
2809990
2809991
2809992
2809993
2809994
2809996
2810002
2810015
2810037
2810038
2810040
2810041
2810042
2810043
2810044
2810049
2810052
2810053
2810054
2810075
2810114
2810130
2810131
2810132
2810133
2810134
2810142
2810143
2810145
2810150
2810151
2810160
2810171
2810172
2810173
2810190
2810241
2810242
2810243
2810272
2810282
2810292
2810355
2810356
2810364
2810423
2810426
2810455
2810456
2810476
2810504
2810610
2810632
2810660
2810661
2810662
2810663
2810664
2810665
2810666
2810696
2810697
2810698
2810701
2810705
2810706
2810707
2810708
2810709
2810710
2810711
2810712
2810768
2810769
2810770
2810777
2810778
2810779
2810780
2810820
2810826
2810878
2810883
2810884
2810887
2810892
2810914
2810932
2810937
2810938
2810950
2810951
2810952
2810994
2811009
2811010
2811012
2811039
2811047
2811056
2811075
2811081
2811102
2811104
2811105
2811140
2811199
2811222
2811223
2811252
2811308
2811309
2811310
2811311
2811366
2811418
2811419
2811450
2811506
2811530
2811610
2811611
2811612
2811613
2811614
2811642
2811653
2811661
2811778
2811784
2811808
2811822
2811872
2811879
2811883
2811884
2811899
2811914
2811925
2811926
2811927
2811928
2811931
2811932
2811933
2811964
2811989
2811990
2811991
2812061
2812080
2812081
2812096
2812133
2812134
2812142
2812143
2812144
2812145
2812146
2812147
2812148
2812149
2812150
2812151
2812152
2812153
2812162
2812209
2812210
2812257
2812258
2812259
2812260
2812261
2812262
2812263
2812264
2812265
2812266
2812267
2812268
2812269
2812270
2812298
2812309
2812310
2812317
2812327
2812349
2812369
2812370
2812371
2812372
2812373
2812436
2812437
2812438
2812439
2812447
2812457
2812458
2812495
2812633
2812660
2812661
2812662
2812693
2812707
2812708
2812711
2812728
2812734
2812788
2812839
2812864
2812897
2812921
2812922
2812990
2812991
2812992
2813030
2813031
2813032
2813033
2813034
2813035
2814065
2814145
2814159
2814216
2814277
2814290
2814291
2814292
2814293
2814340
2814407
2814408
2814409
2814417
2814418
2814419
2814420
2814421
2814422
2814423
2814424
2814425
2814426
2814427
2814471
2814495
2814557
2814558
2814559
2814605
2814618
2814931
2814994
2814995
2815018
2815019
2815020
2815021
2815022
2815037
2815296
2815297
2815298
2815299
2815300
2815313
2815335
2815368
2815369
2815370
2815371
2815383
2815385
2815416
2815439
2815545
2815546
2815569
2815574
2815578
2815587
2815588
2815589
2815590
2815618
2815619
2815620
2815621
2815631
2815632
2815633
2815634
2815642
2815794
2815795
2815796
2815797
2815815
2815816
2815851
2815857
2815869
2815870
2815876
2815877
2815878
2815879
2815959
2815996
2816031
2816075
2816112
2816121
2816194
2816195
2816198
2816199
2816200
2816201
2816202
2816205
2816206
2816207
2816208
2816209
2816210
2816211
2816212
2816213
2816214
2816222
2816236
2816237
2816238
2816239
2816240
2816241
2816242
2816243
2816244
2816245
2816246
2816247
2816248
2816249
2816250
2816251
2816252
2816253
2816254
2816255
2816256
2816257
2816258
2816259
2816260
2816261
2816262
2816263
2816264
2816265
2816266
2816267
2816316
2816317
2816318
2816319
2816320
2816324
2816334
2816372
2816408
2816409
2816410
2816411
2816412
2816413
2816414
2816415
2816416
2816468
2816486
2816508
2816518
2816688
2816705
2816771
2816772
2816773
2816780
2816781
2816782
2816783
2816784
2816785
2816822
2816823
2816824
2816825
2816826
2816827
2816828
2816829
2816830
2816866
2816867
2816868
2816869
2816870
2816871
2816872
2816873
2816942
2819650
2819651
2819652
2819653
2819654
2819655
2819656
2819792
2819793
2819794
2819795
2819806
2819813
2819815
2819816
2819817
2819819
2819828
2819860
2819861
2819862
2819871
2819874
2819875
2819888
2819893
2819913
2819915
2819952
2819961
2819996
2820028
2820047
2820069
2820100
2820101
2820156
2820177
2820178
2820192
2820193
2820233
2820234
2820268
2820269
2820278
2820279
2820280
2820281
2820282
2820284
2820290
2820291
2820292
2820293
2820294
2820295
2820296
2820297
2820298
2820299
2820300
2820301
2820302
2820303
2820304
2820345
2820346
2820347
2820348
2820368
2820398
2820408
2820409
2820410
2820412
2820413
2820414
2820415
2820416
2820417
2820418
2820419
2820420
2820421
2820422
2820423
2820424
2820425
2820426
2820427
2820428
2820429
2820430
2820434
2820435
2820436
2820437
2820438
2820439
2820440
2820441
2820442
2820454
2820478
2820479
2820483
2820485
2820486
2820496
2820497
2820500
2820501
2820502
2820503
2820504
2820505
2820506
2820507
2820508
2820513
2820519
2820520
2820526
2820538
2820540
2820542
2820551
2820552
2820556
2820560
2820561
2820573
2820574
2820575
2820577
2820583
2820585
2820588
2820671
2820672
2820697
2820698
2820699
2820700
2820701
2820707
2820708
2820715
2820717
2820718
2820719
2820720
2820721
2820722
2820723
2820724
2820725
2820726
2820727
2820728
2820729
2820730
2820731
2820737
2820757
2820758
2820759
2820760
2820761
2820795
2820796
2820797
2820798
2820799
2820800
2820818
2820819
2820820
2820821
2820822
2820823
2820865
2820866
2820867
2820868
2820869
2820897
2820936
2820956
2820957
2820963
2820966
2820979
2821000
2821004
2821005
2821006
2821007
2821008
2821009
2821010
2821011
2821012
2821013
2821047
2821048
2821049
2821050
2821051
2821052
2821094
2821096
2821097
2821098
2821099
2821100
2821101
2821108
2821109
2821110
2821111
2821112
2821113
2821114
2821115
2821116
2821123
2821124
2821127
2821131
2821150
2821151
2821152
2821153
2821154
2821155
2821176
2821191
2821192
2821193
2821194
2821195
2821212
2821214
2821215
2821216
2821217
2821218
2821219
2821220
2821221
2821222
2821223
2821224
2821225
2821239
2821240
2821241
2821242
2821243
2821244
2821245
2821246
2821247
2821248
2821249
2821250
2821251
2821252
2821253
2821254
2821255
2821256
2821257
2821258
2821259
2821260
2821261
2821262
2821263
2821264
2821265
2821266
2821267
2821268
2821269
2821270
2821271
2821272
2821273
2821274
2821275
2821276
2821277
2821278
2821279
2821280
2821281
2821282
2821283
2821284
2821285
2821286
2821287
2821288
2821289
2821290
2821291
2821292
2821293
2821294
2821295
2821296
2821297
2821298
2821299
2821300
2821301
2821302
2821303
2821304
2821305
2821306
2821307
2821308
2821314
2821315
2821316
2821331
2821332
2821351
2821352
2821353
2821371
2821372
2821373
2821374
2821376
2821377
2821378
2821379
2821380
2821395
2821396
2821397
2821398
2821399
2821401
2821402
2821403
2821404
2821405
2821406
2821407
2821408
2821427
2821428
2821429
2821430
2821431
2821432
2821433
2821434
2821435
2821436
2821437
2821438
2821439
2821440
2821441
2821442
2821443
2821444
2821445
2821446
2821451
2821452
2821453
2821454
2821455
2821456
2821457
2821458
2821459
2821460
2821461
2821462
2821463
2821464
2821465
2821466
2821467
2821468
2821469
2821470
2821480
2821481
2821482
2821483
2821484
2821485
2821486
2821487
2821488
2821489
2821490
2821491
2821492
2821493
2821494
2821495
2821496
2821497
2821498
2821499
2821500
2821501
2821502
2821503
2821504
2821505
2821506
2821507
2821508
2821509
2821510
2821511
2821512
2821513
2821514
2821515
2821516
2821517
2821518
2821519
2821532
2821533
2821534
2821535
2821536
2821537
2821538
2821539
2821540
2821541
2821542
2821543
2821544
2821545
2821546
2821547
2821548
2821549
2821550
2821551
2821552
2821553
2821554
2821555
2821556
2821588
2821622
2821689
2821690
2821698
2821721
2821722
2821754
2821766
2821780
2821781
2821782
2821783
2821784
2821785
2821786
2821787
2821788
2821802
2821817
2821844
2821923
2821924
2821925
2821926
2821927
2821928
2821929
2821930
2821931
2821932
2821933
2821934
2821951
2821999
2822008
2822032
2822062
2822063
2822064
2822065
2822091
2822139
2822140
2822141
2822161
2822182
2822192
2822193
2822194
2822200
2822204
2822205
2822206
2822207
2822208
2822210
2822214
2822215
2822234
2822239
2822256
2822261
2822262
2822263
2822264
2822265
2822266
2822267
2822268
2822269
2822270
2822271
2822272
2822273
2822274
2822275
2822276
2822277
2822278
2822279
2822280
2822281
2822354
2822382
2822383
2822397
2822404
2822405
2822406
2822408
2822409
2822410
2822411
2822412
2822454
2822455
2822456
2822500
2822501
2822509
2822510
2822511
2822512
2822513
2822514
2822515
2822516
2822544
2822545
2822546
2822548
2822557
2822558
2822608
2822609
2822610
2822611
2822612
2822613
2822614
2822616
2822617
2822648
2822649
2822650
2822651
2822652
2822653
2822654
2822655
2822656
2822657
2822673
2822674
2822675
2822676
2822677
2822678
2822679
2822681
2822682
2822698
2822699
2822700
2822701
2822702
2822703
2822704
2822705
2822706
2822707
2822721
2822722
2822736
2822739
2822740
2822741
2822742
2822743
2822744
2822745
2822746
2822747
2822748
2822761
2822762
2822763
2822764
2822765
2822766
2822767
2822768
2822769
2822770
2822778
2822779
2822780
2822791
2822792
2822793
2822794
2822795
2822796
2822797
2822798
2822799
2822800
2822862
2822863
2822864
2822865
2822866
2822867
2822868
2822869
2822870
2822871
2822881
2822882
2822883
2822884
2822906
2822907
2822913
2822914
2822917
2822918
2822919
2822920
2822921
2822922
2822923
2822924
2822925
2822926
2822927
2822928
2822929
2822930
2822931
2822950
2822957
2822958
2822959
2822960
2822962
2822963
2822964
2822965
2822966
2822973
2822974
2822975
2822976
2822990
2822991
2822992
2822993
2822994
2822995
2822996
2822997
2822998
2822999
2823000
2823001
2823002
2823025
2823026
2823027
2823028
2823029
2823030
2823031
2823032
2823033
2823034
2823036
2823037
2823038
2823047
2823048
2823049
2823050
2823051
2823052
2823053
2823054
2823055
2823056
2823057
2823062
2823063
2823064
2823065
2823066
2823067
2823068
2823069
2823070
2823071
2823073
2823074
2823080
2823081
2823082
2823083
2823084
2823085
2823086
2823087
2823088
2823089
2823090
2823091
2823094
2823095
2823096
2823105
2823106
2823108
2823109
2823110
2823111
2823112
2823113
2823119
2823120
2823121
2823122
2823123
2823124
2823125
2823126
2823127
2823128
2823174
2823176
2823177
2823178
2823179
2823180
2823181
2823182
2823183
2823184
2823185
2823188
2823189
2823190
2823191
2823205
2823206
2823207
2823208
2823209
2823210
2823211
2823212
2823213
2823214
2823220
2823221
2823222
2823223
2823224
2823225
2823226
2823228
2823229
2823249
2823276
2823277
2823278
2823279
2823280
2823281
2823282
2823283
2823284
2823285
2823287
2823289
2823290
2823291
2823292
2823293
2823294
2823295
2823296
2823297
2823298
2823314
2823315
2823316
2823317
2823318
2823319
2823320
2823321
2823322
2823323
2823341
2823342
2823343
2823344
2823345
2823346
2823347
2823348
2823349
2823350
2823351
2823368
2823369
2823370
2823371
2823372
2823373
2823374
2823375
2823376
2823377
2823379
2823380
2823381
2823382
2823383
2823384
2823385
2823386
2823387
2823388
2823404
2823424
2823425
2823426
2823427
2823428
2823429
2823430
2823431
2823432
2823433
2823443
2823462
2823463
2823464
2823465
2823466
2823467
2823468
2823469
2823470
2823471
2823476
2823501
2823502
2823503
2823504
2823505
2823506
2823507
2823508
2823509
2823510
2823511
2823522
2823523
2823524
2823525
2823526
2823527
2823528
2823529
2823530
2823531
2823536
2823553
2823554
2823555
2823557
2823558
2823559
2823560
2823561
2823562
2823563
2823564
2823565
2823566
2823586
2823590
2823591
2823592
2823593
2823594
2823595
2823596
2823597
2823598
2823599
2823613
2823614
2823615
2823616
2823617
2823618
2823619
2823620
2823621
2823622
2823626
2823627
2823628
2823629
2823630
2823631
2823632
2823633
2823634
2823635
2823636
2823637
2823643
2823645
2823646
2823647
2823648
2823649
2823650
2823651
2823652
2823653
2823654
2823660
2823679
2823680
2823681
2823682
2823683
2823684
2823685
2823686
2823687
2823688
2823689
2823706
2823707
2823708
2823709
2823710
2823711
2823718
2823719
2823720
2823721
2823726
2823727
2823728
2823729
2823730
2823731
2823732
2823733
2823734
2823735
2823736
2823737
2823748
2823749
2823750
2823751
2823758
2823759
2823760
2823761
2823762
2823763
2823764
2823765
2823766
2823767
2823769
2823786
2823787
2823790
2823791
2823792
2823793
2823794
2823795
2823796
2823797
2823798
2823799
2823800
2823801
2823802
2823803
2823804
2823805
2823806
2823807
2823808
2823809
2823844
2823845
2823846
2823847
2823848
2823849
2823850
2823851
2823852
2823853
2823865
2823866
2823867
2823868
2823869
2823870
2823871
2823872
2823873
2823874
2823883
2823884
2823885
2823886
2823887
2823888
2823889
2823890
2823891
2823892
2823893
2823895
2823897
2823898
2823899
2823920
2823921
2823922
2823923
2823924
2823925
2823926
2823927
2823928
2823929
2823938
2823941
2823942
2823943
2823947
2823954
2823955
2823956
2823957
2823958
2823959
2823960
2823961
2823962
2823963
2823979
2823980
2823981
2823982
2823983
2823984
2823985
2823986
2823987
2823988
2823989
2823995
2823997
2823998
2823999
2824000
2824001
2824002
2824003
2824004
2824005
2824006
2824008
2824009
2824010
2824011
2824012
2824013
2824014
2824015
2824016
2824017
2824022
2824033
2824034
2824035
2824036
2824037
2824038
2824039
2824040
2824041
2824042
2824043
2824051
2824052
2824053
2824054
2824055
2824056
2824057
2824058
2824059
2824060
2824061
2824062
2824063
2824064
2824065
2824066
2824067
2824070
2824071
2824072
2824073
2824074
2824075
2824076
2824077
2824078
2824079
2824082
2824083
2824084
2824085
2824086
2824089
2824098
2824099
2824100
2824101
2824102
2824103
2824104
2824105
2824106
2824107
2824114
2824115
2824116
2824117
2824118
2824119
2824120
2824121
2824122
2824123
2824135
2824136
2824137
2824138
2824139
2824140
2824141
2824142
2824143
2824144
2824145
2824146
2824162
2824163
2824164
2824165
2824166
2824167
2824168
2824169
2824171
2824172
2824173
2824188
2824190
2824193
2824199
2824200
2824201
2824202
2824203
2824204
2824205
2824206
2824207
2824208
2824221
2824222
2824223
2824224
2824225
2824226
2824227
2824228
2824229
2824230
2824232
2824259
2824260
2824261
2824262
2824263
2824264
2824265
2824266
2824267
2824268
2824270
2824271
2824272
2824289
2824290
2824291
2824292
2824293
2824294
2824295
2824296
2824297
2824298
2824299
2824328
2824329
2824330
2824331
2824332
2824333
2824334
2824335
2824336
2824337
2824352
2824359
2824360
2824361
2824362
2824363
2824364
2824365
2824371
2824372
2824373
2824374
2824375
2824376
2824377
2824388
2824389
2824390
2824391
2824392
2824393
2824394
2824406
2824409
2824410
2824411
2824412
2824413
2824414
2824415
2824416
2824417
2824418
2824419
2824420
2824421
2824422
2824423
2824424
2824425
2824450
2824451
2824452
2824453
2824454
2824455
2824456
2824457
2824458
2824479
2824480
2824485
2824487
2824488
2824493
2824496
2824497
2824503
2824505
2824516
2824517
2824518
2824519
2824534
2824552
2824553
2824554
2824555
2824556
2824575
2824576
2824578
2824579
2824581
2824585
2824586
2824587
2824603
2824616
2824621
2824625
2824627
2824628
2824629
2824631
2824632
2824634
2824635
2824644
2824645
2824646
2824647
2824685
2824686
2824698
2824699
2824700
2824701
2824702
2824705
2824706
2824731
2824732
2824733
2824734
2824735
2824736
2824741
2824742
2824751
2824752
2824753
2824754
2824755
2824756
2824757
2824758
2824759
2824760
2824767
2824771
2824772
2824773
2824774
2824775
2824782
2824783
2824784
2824785
2824786
2824787
2824788
2824789
2824798
2824819
2824820
2824821
2824822
2824823
2824824
2824825
2824826
2824827
2824842
2824847
2824849
2824850
2824851
2824872
2824873
2824874
2824875
2824876
2824883
2824884
2824885
2824886
2824887
2824888
2824889
2824890
2824891
2824892
2824896
2824914
2824921
2824943
2824952
2824953
2824954
2824955
2824956
2824957
2824963
2824964
2824965
2824966
2824967
2824997
2825013
2825014
2825018
2825019
2825020
2825021
2825022
2825023
2825024
2825025
2825065
2825078
2825079
2825080
2825081
2825082
2825083
2825100
2825120
2825127
2825141
2825156
2825157
2825158
2825159
2825160
2825161
2825162
2825179
2825198
2825229
2825262
2825263
2825264
2825265
2825266
2825267
2825268
2825269
2825270
2825271
2825280
2825281
2825282
2825283
2825284
2825285
2825287
2825302
2825303
2825304
2825306
2825311
2825313
2825322
2825323
2825324
2825326
2825327
2825328
2825329
2825352
2825447
2825448
2825449
2825450
2825451
2825452
2825465
2825484
2825494
2825500
2825501
2825502
2825503
2825504
2825536
2825537
2825538
2825539
2825540
2825541
2825550
2825551
2825560
2825569
2825592
2825593
2825594
2825595
2825596
2825597
2825598
2825599
2825600
2825601
2825615
2825628
2825637
2825639
2825640
2825649
2825650
2825667
2825668
2825676
2825708
2825709
2825710
2825711
2825712
2825713
2825714
2825715
2825716
2825717
2825737
2825738
2825739
2825740
2825741
2825742
2825743
2825744
2825745
2825746
2825747
2825748
2825749
2825778
2825779
2825780
2825781
2825782
2825783
2825784
2825785
2825786
2825787
2825788
2825799
2825800
2825801
2825802
2825803
2825804
2825805
2825806
2825807
2825830
2825836
2825837
2825838
2825839
2825840
2825841
2825842
2825955
2825956
2826044
2826055
2826056
2826057
2826059
2826060
2826062
2826063
2826064
2826065
2826066
2826076
2826077
2826078
2826079
2826120
2826121
2826122
2826124
2826125
2826126
2826127
2826128
2826129
2826130
2826131
2826132
2826169
2826170
2826171
2826172
2826173
2826184
2826185
2826186
2826187
2826188
2826189
2826190
2826191
2826192
2826193
2826194
2826195
2826196
2826197
2826198
2826199
2826200
2826216
2826219
2826220
2826221
2826222
2826223
2826224
2826225
2826226
2826227
2826228
2826258
2826259
2826260
2826261
2826262
2826263
2826264
2826265
2826266
2826267
2826268
2826269
2826270
2826271
2826273
2826274
2826275
2826276
2826281
2826282
2826283
2826284
2826285
2826286
2826287
2826288
2826289
2826375
2826376
2826377
2826378
2826379
2826380
2826382
2826383
2826384
2826412
2826413
2826414
2826416
2826417
2826418
2826419
2826468
2826486
2826493
2826494
2826495
2826496
2826497
2826498
2826518
2826524
2826533
2826546
2826577
2826578
2826579
2826580
2826581
2826582
2826583
2826584
2826585
2826586
2826640
2826641
2826682
2826704
2826751
2826752
2826753
2826754
2826755
2826756
2826757
2826758
2826759
2826760
2826761
2826762
2826789
2826790
2826791
2826792
2826793
2826794
2826795
2826796
2826797
2826798
2826811
2826812
2826825
2826837
2826848
2826849
2826850
2826852
2826853
2826854
2826855
2826856
2826857
2826858
2826859
2826999
2827011
2827012
2827013
2827014
2827015
2827016
2827017
2827018
2827019
2827020
2827021
2827022
2827023
2827024
2827025
2827113
2827121
2827124
2827133
2827141
2827142
2827151
2827161
2827162
2827163
2827164
2827165
2827166
2827190
2827191
2827204
2827206
2827207
2827208
2827209
2827210
2827226
2827246
2827268
2827274
2827275
2827276
2827277
2827298
2827299
2827300
2827301
2827302
2827304
2827305
2827306
2827307
2827308
2827309
2827310
2827311
2827312
2827320
2827321
2827322
2827323
2827324
2827325
2827326
2827327
2827329
2827330
2827331
2827332
2827333
2827334
2827335
2827336
2827337
2827338
2827339
2827340
2827341
2827342
2827343
2827344
2827345
2827346
2827347
2827351
2827352
2827353
2827354
2827355
2827356
2827357
2827366
2827367
2827368
2827369
2827370
2827390
2827401
2827402
2827403
2827404
2827405
2827406
2827407
2827408
2827409
2827410
2827411
2827420
2827426
2827454
2827455
2827492
2827547
2827564
2827583
2827584
2827585
2827586
2827587
2827588
2827596
2827636
2827638
2827644
2827645
2827646
2827648
2827649
2827650
2827651
2827652
2827660
2827679
2827680
2827681
2827688
2827694
2827696
2827723
2827724
2827725
2827726
2827727
2827728
2827729
2827730
2827731
2827732
2827733
2827734
2827735
2827741
2827779
2827780
2827858
2827859
2827860
2827861
2827862
2827863
2827864
2827924
2827925
2827926
2827961
2828000
2828002
2828009
2828010
2828050
2828079
2828090
2828091
2828094
2828095
2828096
2828097
2828098
2828099
2828100
2828154
2828155
2828156
2828159
2828161
2828163
2828182
2828213
2828216
2828219
2828221
2828223
2828225
2828233
2828235
2828268
2828301
2828310
2828341
2828342
2828373
2828375
2828379
2828383
2828400
2828429
2828445
2828447
2828449
2828451
2828464
2828504
2828505
2828522
2828523
2828524
2828525
2828526
2828527
2828528
2828529
2828530
2828531
2828544
2828564
2828568
2828570
2828572
2828576
2828609
2828611
2828613
2828615
2828661
2828662
2828670
2828703
2828705
2828707
2828709
2828713
2828714
2828715
2828716
2828717
2828718
2828719
2828720
2828744
2828745
2828746
2828763
2828782
2828783
2828815
2828816
2828817
2828818
2828819
2828820
2828921
2828922
2828923
2828924
2828925
2828926
2828927
2828928
2828929
2828930
2828931
2828932
2828933
2828934
2828935
2828936
2828937
2828938
2828939
2828940
2828941
2828942
2828943
2828944
2828945
2828946
2828947
2828948
2828949
2828950
2828951
2828952
2828953
2829024
2829025
2829026
2829027
2829028
2829073
2829213
2829239
2829253
2829272
2829273
2829274
2829275
2829276
2829277
2829278
2829279
2829280
2829281
2829282
2829283
2829284
2829285
2829286
2829287
2829334
2829336
2829352
2829356
2829377
2829405
2829406
2829407
2829408
2829409
2829410
2829411
2829412
2829413
2829414
2829415
2829416
2829417
2829418
2829419
2829420
2829421
2829422
2829423
2829424
2829425
2829436
2829458
2829493
2829494
2829495
2829496
2829498
2829499
2829500
2829501
2829519
2829566
2829568
2829595
2829596
2829599
2829641
2829657
2829659
2829660
2829693
2829722
2829723
2829732
2829735
2829776
2829793
2829794
2829795
2829806
2829808
2829829
2829830
2829837
2829838
2829839
2829842
2829855
2829866
2829867
2829868
2829869
2829870
2829871
2829892
2829917
2829918
2829919
2829920
2829921
2829922
2829955
2829956
2829957
2829958
2829960
2829962
2829963
2829964
2829965
2829966
2829967
2829997
2830018
2830027
2830028
2830030
2830047
2830052
2830053
2830056
2830059
2830062
2830064
2830086
2830090
2830091
2830092
2830118
2830119
2830120
2830134
2830141
2830143
2830145
2830175
2830231
2830232
2830381
2830389
2830395
2830576
2830650
2830651
2830678
2830679
2830758
2830929
2830930
2830943
2830953
2830976
2830977
2830979
2830982
2830983
2831006
2831154
2831394
2831395
2831396
2831397
2831497
2831503
2831504
2831505
2831589
2831835
2831836
2831837
2831978
2832025
2832186
2832225
2832234
2832310
2832311
2832316
2832318
2832320
2832322
2832329
2832334
2832357
2832443
2832749
2832751
2832861
2832935
2833091
2833139
2833141
2833143
2833145
2833147
2833149
2833151
2833171
2833179
2833213
2833575
2833821
2833822
2833823
2833824
2833825
2833826
2833827
2833828
2833829
2833830
2833831
2833888
2833890
2833891
2833922
2833932
2833933
2833934
2833935
2833936
2833953
2833954
2833987
2834075
2834076
2834077
2834078
2834079
2834080
2834136
2834214
2834219
2834516
2834570
2834621
2834622
2834623
2834624
2834625
2834629
2834630
2834664
2834686
2834724
2834737
2834753
2834818
2834902
2834905
2834915
2834920
2834936
2834937
2834955
2834982
2834983
2834984
2834985
2834986
2834987
2834988
2834989
2834990
2835003
2835004
2835005
2835006
2835047
2835153
2835191
2835265
2835483
2835484
2835548
2835621
2835622
2835623
2835624
2835625
2835626
2835627
2835628
2835629
2835630
2835631
2835632
2835633
2835634
2835635
2835636
2835928
2835996
2836030
2836031
2836065
2836066
2836067
2836070
2836071
2836126
2836207
2836373
2836427
2836468
2836469
2836470
2836471
2836472
2836473
2836474
2836475
2836476
2836477
2836478
2836479
2836480
2836481
2836482
2836483
2836484
2836485
2836486
2836487
2836488
2836489
2836490
2836491
2836492
2836493
2836494
2836495
2836497
2836592
2836593
2836594
2836612
2836839
2836840
2836845
2836901
2836902
2836903
2836904
2836905
2837089
2837090
2837091
2837108
2837109
2837110
2837111
2837253
2837265
2837266
2837267
2837268
2837269
2837270
2837271
2837272
2837273
2837274
2837275
2837298
2837299
2837300
2837301
2837302
2837303
2837305
2837306
2837454
2837617
2837663
2837708
2837726
2837756
2837757
2837758
2837759
2837760
2837761
2837762
2837763
2837889
2837890
2837891
2837917
2837918
2837943
2837969
2838036
2838037
2838039
2838040
2838065
2838067
2838068
2838069
2838070
2838071
2838072
2838084
2838197
2838253
2838310
2838417
2838418
2838419
2838420
2838421
2838422
2838423
2838424
2838435
2838522
2838523
2838543
2838594
2838598
2838599
2838601
2838602
2838655
2838656
2838923
2838949
2838973
2838974
2839013
2839368
2839402
2839440
2839441
2839442
2839443
2839444
2839445
2839446
2839466
2839467
2839630
2839896
2839897
2839898
2840047
2840048
2840313
2840314
2840420
2840461
2840509
2840627
2840698
2840789
2840968
2840974
2840975
2840976
2841022
2841259
2841260
2841261
2841262
2841533
2841534
2841554
2841908
2841909
2841910
2841911
2841912
2841913
2841914
2842151
2842153
2842174
2842191
2842290
2842304
2842383
2842396
2842564
2842711
2842831
2842976
2843004
2843005
2843069
2843070
2843071
2843072
2843073
2843074
2843097
2843391
2843392
2843505
2843698
2843699
2843745
2843849
2844031
2844303
2844306
2844304
2844305
2844301
2844302
2030822
